RA[0]=83.625;
RA[1]=323.37495;
RA[2]=205.54995;
RA[3]=245.89995;
RA[4]=229.65;
RA[5]=265.02495;
RA[6]=268.47495;
RA[7]=270.94995;
RA[8]=259.8;
RA[9]=254.27505;
RA[10]=282.77505;
RA[11]=251.80005;
RA[12]=250.425;
RA[13]=264.40005;
RA[14]=322.5;
RA[15]=274.69995;
RA[16]=275.20005;
RA[17]=274.97505;
RA[18]=255.64995;
RA[19]=270.57495;
RA[20]=271.15005;
RA[21]=279.10005;
RA[22]=269.20005;
RA[23]=274.60005;
RA[24]=277.90005;
RA[25]=281.29995;
RA[26]=299.89995;
RA[27]=276.12495;
RA[28]=305.97495;
RA[29]=325.09995;
RA[30]=10.67505;
RA[31]=10.67505;
RA[32]=23.475;
RA[33]=40.5;
RA[34]=92.22495;
RA[35]=84.02505;
RA[36]=88.09995;
RA[37]=82.17495;
RA[38]=323.05005;
RA[39]=185.59995;
RA[40]=101.50005;
RA[41]=83.85;
RA[42]=83.89995;
RA[43]=130.02495;
RA[44]=56.749995;
RA[45]=115.45005;
RA[46]=114.15;
RA[47]=123.45;
RA[48]=187.45005;
RA[49]=105.79995;
RA[50]=202.47495;
RA[51]=351.04995;
RA[52]=198.225;
RA[53]=283.77495;
RA[54]=295.00005;
RA[55]=289.15005;
RA[56]=283.39995;
RA[57]=189.42495;
RA[58]=190.5;
RA[59]=190.92495;
RA[60]=185.475;
RA[61]=255.3;
RA[62]=198.94995;
RA[63]=194.175;
RA[64]=169.725;
RA[65]=170.05005;
RA[66]=132.6;
RA[67]=189.87495;
RA[68]=277.84995;
RA[69]=280.8;
RA[70]=298.45005;
RA[71]=313.37505;
RA[72]=314.74995;
RA[73]=24.17505;
RA[74]=301.52505;
RA[75]=25.575;
RA[76]=40.67505;
RA[77]=86.67495;
RA[78]=81.12495;
RA[79]=244.24995;
RA[80]=148.90005;
RA[81]=148.95;
RA[82]=204.25005;
RA[83]=186.27495;
RA[84]=186.34995;
RA[85]=186.55005;
RA[86]=187.69995;
RA[87]=187.99995;
RA[88]=188.925;
RA[89]=189.19995;
RA[90]=188.85;
RA[91]=259.275;
RA[92]=116.14995;
RA[93]=192.72495;
RA[94]=160.99995;
RA[95]=161.7;
RA[96]=168.70005;
RA[97]=183.45;
RA[98]=184.69995;
RA[99]=185.72505;
RA[100]=210.79995;
RA[101]=210.79995;
RA[102]=23.29995;
RA[103]=190.00005;
RA[104]=161.95005;
RA[105]=184.75005;
RA[106]=248.12505;
RA[107]=167.87505;
RA[108]=179.4;
RA[109]=10.09995;

DEC[0]=22.01667;
DEC[1]=-0.81667;
DEC[2]=28.38333;
DEC[3]=-26.53333;
DEC[4]=2.08333;
DEC[5]=-32.21667;
DEC[6]=-34.81667;
DEC[7]=-24.38333;
DEC[8]=-18.51667;
DEC[9]=-4.1;
DEC[10]=-6.26667;
DEC[11]=-1.95;
DEC[12]=36.46667;
DEC[13]=-3.25;
DEC[14]=12.16667;
DEC[15]=-13.78333;
DEC[16]=-16.18333;
DEC[17]=-17.13333;
DEC[18]=-26.26667;
DEC[19]=-23.03333;
DEC[20]=-22.5;
DEC[21]=-23.9;
DEC[22]=-19.01667;
DEC[23]=-18.41667;
DEC[24]=-19.25;
DEC[25]=-9.4;
DEC[26]=22.71667;
DEC[27]=-24.86667;
DEC[28]=38.53333;
DEC[29]=-23.18333;
DEC[30]=41.26667;
DEC[31]=40.86667;
DEC[32]=30.65;
DEC[33]=42.78333;
DEC[34]=24.33333;
DEC[35]=34.13333;
DEC[36]=32.55;
DEC[37]=35.83333;
DEC[38]=48.43333;
DEC[39]=58.08333;
DEC[40]=-20.73333;
DEC[41]=-5.45;
DEC[42]=-5.26667;
DEC[43]=19.98333;
DEC[44]=24.11667;
DEC[45]=-14.81667;
DEC[46]=-14.5;
DEC[47]=-5.8;
DEC[48]=8;
DEC[49]=-8.33333;
DEC[50]=47.2;
DEC[51]=61.58333;
DEC[52]=18.16667;
DEC[53]=-30.48333;
DEC[54]=-30.96667;
DEC[55]=30.18333;
DEC[56]=33.03333;
DEC[57]=11.81667;
DEC[58]=11.65;
DEC[59]=11.55;
DEC[60]=4.46667;
DEC[61]=-30.11667;
DEC[62]=42.03333;
DEC[63]=21.68333;
DEC[64]=13.08333;
DEC[65]=12.98333;
DEC[66]=11.81667;
DEC[67]=-26.75;
DEC[68]=-32.35;
DEC[69]=-32.3;
DEC[70]=18.78333;
DEC[71]=-12.53333;
DEC[72]=-12.63333;
DEC[73]=15.78333;
DEC[74]=-21.91667;
DEC[75]=51.56667;
DEC[76]=-0.01667;
DEC[77]=0.05;
DEC[78]=-24.55;
DEC[79]=-22.98333;
DEC[80]=69.06667;
DEC[81]=69.68333;
DEC[82]=-29.86667;
DEC[83]=12.88333;
DEC[84]=18.18333;
DEC[85]=12.95;
DEC[86]=12.4;
DEC[87]=14.41667;
DEC[88]=12.55;
DEC[89]=13.16667;
DEC[90]=14.5;
DEC[91]=43.13333;
DEC[92]=-23.86667;
DEC[93]=41.11667;
DEC[94]=11.7;
DEC[95]=11.81667;
DEC[96]=55.01667;
DEC[97]=14.9;
DEC[98]=14.41667;
DEC[99]=15.81667;
DEC[100]=54.35;
DEC[101]=54.35;
DEC[102]=60.7;
DEC[103]=-11.61667;
DEC[104]=12.58333;
DEC[105]=47.3;
DEC[106]=-13.05;
DEC[107]=55.66667;
DEC[108]=53.38333;
DEC[109]=41.68333;
