ra[0]=83.625;
ra[1]=323.37495;
ra[2]=205.54995;
ra[3]=245.89995;
ra[4]=229.65;
ra[5]=265.02495;
ra[6]=268.47495;
ra[7]=270.94995;
ra[8]=259.8;
ra[9]=254.27505;
ra[10]=282.77505;
ra[11]=251.80005;
ra[12]=250.425;
ra[13]=264.40005;
ra[14]=322.5;
ra[15]=274.69995;
ra[16]=275.20005;
ra[17]=274.97505;
ra[18]=255.64995;
ra[19]=270.57495;
ra[20]=271.15005;
ra[21]=279.10005;
ra[22]=269.20005;
ra[23]=274.60005;
ra[24]=277.90005;
ra[25]=281.29995;
ra[26]=299.89995;
ra[27]=276.12495;
ra[28]=305.97495;
ra[29]=325.09995;
ra[30]=10.67505;
ra[31]=10.67505;
ra[32]=23.475;
ra[33]=40.5;
ra[34]=92.22495;
ra[35]=84.02505;
ra[36]=88.09995;
ra[37]=82.17495;
ra[38]=323.05005;
ra[39]=185.59995;
ra[40]=101.50005;
ra[41]=83.85;
ra[42]=83.89995;
ra[43]=130.02495;
ra[44]=56.749995;
ra[45]=115.45005;
ra[46]=114.15;
ra[47]=123.45;
ra[48]=187.45005;
ra[49]=105.79995;
ra[50]=202.47495;
ra[51]=351.04995;
ra[52]=198.225;
ra[53]=283.77495;
ra[54]=295.00005;
ra[55]=289.15005;
ra[56]=283.39995;
ra[57]=189.42495;
ra[58]=190.5;
ra[59]=190.92495;
ra[60]=185.475;
ra[61]=255.3;
ra[62]=198.94995;
ra[63]=194.175;
ra[64]=169.725;
ra[65]=170.05005;
ra[66]=132.6;
ra[67]=189.87495;
ra[68]=277.84995;
ra[69]=280.8;
ra[70]=298.45005;
ra[71]=313.37505;
ra[72]=314.74995;
ra[73]=24.17505;
ra[74]=301.52505;
ra[75]=25.575;
ra[76]=40.67505;
ra[77]=86.67495;
ra[78]=81.12495;
ra[79]=244.24995;
ra[80]=148.90005;
ra[81]=148.95;
ra[82]=204.25005;
ra[83]=186.27495;
ra[84]=186.34995;
ra[85]=186.55005;
ra[86]=187.69995;
ra[87]=187.99995;
ra[88]=188.925;
ra[89]=189.19995;
ra[90]=188.85;
ra[91]=259.275;
ra[92]=116.14995;
ra[93]=192.72495;
ra[94]=160.99995;
ra[95]=161.7;
ra[96]=168.70005;
ra[97]=183.45;
ra[98]=184.69995;
ra[99]=185.72505;
ra[100]=210.79995;
ra[101]=210.79995;
ra[102]=23.29995;
ra[103]=190.00005;
ra[104]=161.95005;
ra[105]=184.75005;
ra[106]=248.12505;
ra[107]=167.87505;
ra[108]=179.4;
ra[109]=10.09995;

dec[0]=22.01667;
dec[1]=-0.81667;
dec[2]=28.38333;
dec[3]=-26.53333;
dec[4]=2.08333;
dec[5]=-32.21667;
dec[6]=-34.81667;
dec[7]=-24.38333;
dec[8]=-18.51667;
dec[9]=-4.1;
dec[10]=-6.26667;
dec[11]=-1.95;
dec[12]=36.46667;
dec[13]=-3.25;
dec[14]=12.16667;
dec[15]=-13.78333;
dec[16]=-16.18333;
dec[17]=-17.13333;
dec[18]=-26.26667;
dec[19]=-23.03333;
dec[20]=-22.5;
dec[21]=-23.9;
dec[22]=-19.01667;
dec[23]=-18.41667;
dec[24]=-19.25;
dec[25]=-9.4;
dec[26]=22.71667;
dec[27]=-24.86667;
dec[28]=38.53333;
dec[29]=-23.18333;
dec[30]=41.26667;
dec[31]=40.86667;
dec[32]=30.65;
dec[33]=42.78333;
dec[34]=24.33333;
dec[35]=34.13333;
dec[36]=32.55;
dec[37]=35.83333;
dec[38]=48.43333;
dec[39]=58.08333;
dec[40]=-20.73333;
dec[41]=-5.45;
dec[42]=-5.26667;
dec[43]=19.98333;
dec[44]=24.11667;
dec[45]=-14.81667;
dec[46]=-14.5;
dec[47]=-5.8;
dec[48]=8;
dec[49]=-8.33333;
dec[50]=47.2;
dec[51]=61.58333;
dec[52]=18.16667;
dec[53]=-30.48333;
dec[54]=-30.96667;
dec[55]=30.18333;
dec[56]=33.03333;
dec[57]=11.81667;
dec[58]=11.65;
dec[59]=11.55;
dec[60]=4.46667;
dec[61]=-30.11667;
dec[62]=42.03333;
dec[63]=21.68333;
dec[64]=13.08333;
dec[65]=12.98333;
dec[66]=11.81667;
dec[67]=-26.75;
dec[68]=-32.35;
dec[69]=-32.3;
dec[70]=18.78333;
dec[71]=-12.53333;
dec[72]=-12.63333;
dec[73]=15.78333;
dec[74]=-21.91667;
dec[75]=51.56667;
dec[76]=-0.01667;
dec[77]=0.05;
dec[78]=-24.55;
dec[79]=-22.98333;
dec[80]=69.06667;
dec[81]=69.68333;
dec[82]=-29.86667;
dec[83]=12.88333;
dec[84]=18.18333;
dec[85]=12.95;
dec[86]=12.4;
dec[87]=14.41667;
dec[88]=12.55;
dec[89]=13.16667;
dec[90]=14.5;
dec[91]=43.13333;
dec[92]=-23.86667;
dec[93]=41.11667;
dec[94]=11.7;
dec[95]=11.81667;
dec[96]=55.01667;
dec[97]=14.9;
dec[98]=14.41667;
dec[99]=15.81667;
dec[100]=54.35;
dec[101]=54.35;
dec[102]=60.7;
dec[103]=-11.61667;
dec[104]=12.58333;
dec[105]=47.3;
dec[106]=-13.05;
dec[107]=55.66667;
dec[108]=53.38333;
dec[109]=41.68333;
